chr	windowStart	windowEnd	D	f_d	f_dM	d_f
NW_008246512.1	7065	31867	0.292559	0.150809	0.107998	0.090906
NW_008246512.1	24785	34739	0.299036	0.197595	0.085778	0.028788
NW_008246512.1	31891	41160	0.343453	0.215516	0.092962	0.030804
NW_008246512.1	34744	59577	0.421959	0.182997	0.093465	0.046051
NW_008246512.1	41182	66798	0.182132	0.047156	0.029561	0.012624
NW_008246512.1	59597	75799	0.108781	0.023946	0.019916	0.013804
NW_008246512.1	66843	87003	0.094057	0.025062	0.020057	0.014291
NW_008246512.1	75901	91764	-0.301901	-0.090899	-0.070027	-0.072777
NW_008246512.1	87118	96512	-0.285786	-0.140383	-0.095836	-0.099403
NW_008246512.1	91793	102374	0.009405	0.004350	0.003243	0.002531
NW_008246512.1	96513	111539	0.126260	0.032761	0.027747	0.018499
NW_008246512.1	102428	119846	0.282078	0.079767	0.070836	0.047340
NW_008246512.1	111540	127876	0.324965	0.101827	0.090726	0.066701
NW_008246512.1	119860	136459	0.286961	0.051905	0.046983	0.038440
NW_008246512.1	127892	140948	0.118775	0.017123	0.015587	0.018686
NW_008246512.1	136461	159321	0.092151	0.013900	0.012461	0.009695
NW_008246512.1	149810	166747	0.320902	0.038847	0.035186	0.019037
NW_008246512.1	159427	177322	0.307564	0.063575	0.054637	0.029063
NW_008246512.1	166760	194649	0.254765	0.058526	0.046138	0.029789
NW_008246512.1	177545	198676	0.199344	0.023649	0.019620	0.013571
NW_008246512.1	194763	208071	0.078630	0.007612	0.006697	0.006277
NW_008246512.1	198685	219731	0.217769	0.030211	0.025344	0.022865
NW_008246512.1	208100	236911	0.116966	0.016304	0.013140	0.010348
NW_008246512.1	219802	251981	-0.043259	-0.005174	-0.004198	-0.005642
NW_008246512.1	236939	263890	0.130226	0.011814	0.009468	0.004382
NW_008246512.1	252059	269911	0.316290	0.027762	0.023264	0.013453
NW_008246512.1	264122	281104	0.057625	0.012521	0.010321	0.005451
NW_008246512.1	270089	292455	0.006468	0.002680	0.002140	0.001554
NW_008246512.1	281122	299423	-0.105452	-0.049390	-0.037730	-0.043473
NW_008246512.1	292511	304112	-0.135600	-0.062623	-0.046247	-0.041267
NW_008246512.1	299447	318065	0.116223	0.026297	0.022115	0.012839
NW_008246512.1	304460	326010	0.312545	0.061491	0.052337	0.024309
NW_008246512.1	318066	332946	0.401060	0.131851	0.102982	0.070297
NW_008246512.1	326026	341543	0.516866	0.170986	0.128901	0.101825
NW_008246512.1	332967	350742	0.471552	0.152317	0.108984	0.084383
NW_008246512.1	341654	368452	0.202556	0.058774	0.045565	0.032805
NW_008246512.1	350753	376933	0.156571	0.060364	0.040203	0.019612
NW_008246512.1	368497	385785	0.230648	0.131092	0.066192	0.032463
NW_008246512.1	377044	395543	0.457037	0.165143	0.114513	0.082496
NW_008246512.1	385899	402079	0.591045	0.174950	0.138754	0.115008
NW_008246512.1	395570	413987	0.612098	0.158787	0.121803	0.088102
NW_008246512.1	402124	421604	0.604042	0.160727	0.112343	0.069862
NW_008246512.1	414062	427910	0.461284	0.162517	0.105433	0.057605
NW_008246512.1	421692	435027	0.364233	0.157806	0.097436	0.040513
NW_008246512.1	427928	444791	0.432468	0.160904	0.104663	0.049582
NW_008246512.1	435041	460478	0.596125	0.150375	0.116934	0.096642
NW_008246512.1	444792	466388	0.779900	0.153653	0.137417	0.228834
NW_008246512.1	460485	483272	0.699813	0.146221	0.123458	0.154522
NW_008246512.1	466459	489989	0.503003	0.131919	0.089608	0.074006
NW_008246512.1	483274	515787	0.546680	0.152588	0.104255	0.088347
NW_008246512.1	490011	526849	0.599699	0.149020	0.106075	0.057001
NW_008246512.1	515830	546507	0.516459	0.119762	0.069288	0.022421
NW_008246512.1	526863	557864	0.163799	0.062270	0.021185	0.004152
NW_008246512.1	546528	567053	0.247655	0.054460	0.029825	0.007938
NW_008246512.1	558136	574726	0.443937	0.057359	0.043420	0.019870
NW_008246512.1	567060	580126	0.251009	0.037317	0.029991	0.011533
NW_008246512.1	574727	585373	0.162069	0.031031	0.022915	0.008891
NW_008246512.1	580128	599422	-0.005659	-0.001232	-0.000799	-0.000450
NW_008246512.1	585485	606103	0.070955	0.016957	0.013034	0.010855
NW_008246512.1	599461	612790	0.223157	0.061573	0.055057	0.031075
NW_008246512.1	606279	623130	0.178628	0.040717	0.033761	0.014895
NW_008246512.1	612791	631411	0.319179	0.040485	0.032344	0.015850
NW_008246512.1	623179	639506	0.615714	0.056297	0.045853	0.028542
NW_008246512.1	631483	645916	0.398402	0.045897	0.037181	0.022180
NW_008246512.1	639511	656678	0.429188	0.054239	0.043325	0.023124
NW_008246512.1	645978	669634	0.703158	0.075606	0.065508	0.055494
NW_008246512.1	656754	680362	0.596234	0.088997	0.079819	0.070663
NW_008246512.1	669683	686512	0.423110	0.080743	0.063302	0.030081
NW_008246512.1	680379	693299	0.321658	0.047079	0.037778	0.023697
NW_008246512.1	686528	702453	0.383671	0.066638	0.057462	0.054625
NW_008246512.1	693381	709919	0.343352	0.082039	0.069687	0.058835
NW_008246512.1	702537	719730	0.262264	0.057414	0.047282	0.027786
NW_008246512.1	709950	727908	0.497735	0.077411	0.063868	0.042811
NW_008246512.1	719884	781798	0.507077	0.085815	0.071308	0.060499
NW_008246512.1	728103	797807	0.617761	0.108484	0.088587	0.068724
NW_008246512.1	781998	806866	0.614647	0.145285	0.117644	0.106627
NW_008246512.1	797891	813347	0.359267	0.136115	0.106374	0.089635
NW_008246512.1	807414	823933	0.317491	0.126108	0.088443	0.068924
NW_008246512.1	813357	832060	0.672800	0.137530	0.110546	0.134226
NW_008246512.1	823972	838010	0.829908	0.115918	0.106699	0.224771
NW_008246512.1	832149	849393	0.495698	0.094405	0.074181	0.107425
NW_008246512.1	838023	861378	0.494779	0.123925	0.083300	0.060837
NW_008246512.1	849416	870293	0.893064	0.173231	0.138217	0.100016
NW_008246512.1	861395	891960	0.859432	0.190670	0.146882	0.126391
NW_008246512.1	870440	897322	0.564561	0.148700	0.116238	0.154286
NW_008246512.1	892011	911683	0.463993	0.132600	0.099946	0.110696
NW_008246512.1	897354	921911	0.655181	0.165793	0.110820	0.066426
NW_008246512.1	911710	925984	0.809874	0.158647	0.118695	0.084593
NW_008246512.1	921954	942004	0.625260	0.131704	0.109129	0.103805
NW_008246512.1	926036	947767	0.030673	0.012354	0.009284	-0.003634
NW_008246512.1	942059	954826	-0.027750	-0.010991	-0.008014	-0.014237
NW_008246512.1	947776	958911	0.160530	0.041995	0.035074	0.024337
NW_008246512.1	954838	964975	0.112080	0.031659	0.028109	0.018748
NW_008246512.1	958959	968328	0.244935	0.049114	0.045975	0.041843
NW_008246512.1	965372	974251	0.284878	0.050690	0.042120	0.018993
NW_008246512.1	968499	987031	0.284169	0.066764	0.039142	0.008255
NW_008246512.1	974276	996414	0.691236	0.285895	0.195367	0.098171
NW_008246512.1	987064	1006794	0.813202	0.408025	0.267398	0.273950
NW_008246512.1	998087	1016547	0.776923	0.406310	0.248531	0.257315
NW_008246512.1	1007263	1031940	0.744119	0.543643	0.269563	0.412918
NW_008246512.1	1016564	1058724	0.764606	0.619344	0.306045	0.569761
NW_008246512.1	1031986	1066620	0.755306	0.499769	0.293862	0.396358
NW_008246512.1	1058742	1074072	0.772314	0.442243	0.267176	0.275867
NW_008246512.1	1066660	1080913	0.818034	0.497708	0.271892	0.251491
NW_008246512.1	1074076	1088326	0.871894	0.427626	0.275763	0.267520
NW_008246512.1	1081267	1094002	0.897633	0.367554	0.292707	0.317753
NW_008246512.1	1088354	1100112	0.779475	0.345630	0.283004	0.294064
NW_008246512.1	1094012	1110483	0.647732	0.341945	0.267917	0.287361
NW_008246512.1	1100150	1123323	0.597447	0.373414	0.265327	0.302224
NW_008246512.1	1110528	1128309	0.636978	0.413613	0.230267	0.268657
NW_008246512.1	1123337	1138824	0.762086	0.457186	0.227454	0.246761
NW_008246512.1	1128353	1148405	0.830780	0.484244	0.209592	0.212764
NW_008246512.1	1139008	1158610	0.748849	0.411050	0.230689	0.282322
NW_008246512.1	1148654	1171724	0.748189	0.377375	0.277254	0.383246
NW_008246512.1	1158626	1180472	0.612406	0.354283	0.238897	0.291361
NW_008246512.1	1171778	1202022	0.673272	0.431283	0.266478	0.375899
NW_008246512.1	1180489	1205378	0.792324	0.581596	0.396616	0.526125
NW_008246512.1	1202046	1217240	0.816952	0.584176	0.387577	0.534008
NW_008246512.1	1205452	1225626	0.848224	0.512346	0.272806	0.378570
NW_008246512.1	1217667	1241743	0.792257	0.365158	0.207496	0.221634
NW_008246512.1	1225630	1251921	0.691798	0.178474	0.113464	0.135911
NW_008246512.1	1241765	1257753	0.605299	0.143188	0.094122	0.111978
NW_008246512.1	1251936	1267354	0.594143	0.168467	0.115284	0.133989
NW_008246512.1	1257778	1280020	0.705622	0.175274	0.115905	0.132474
NW_008246512.1	1267633	1288509	0.719959	0.189062	0.134036	0.216030
NW_008246512.1	1280074	1294896	0.657412	0.185758	0.139848	0.289710
NW_008246512.1	1288528	1307061	0.742143	0.181754	0.132476	0.247597
NW_008246512.1	1294917	1321638	0.889458	0.214537	0.135780	0.456015
NW_008246512.1	1307427	1330825	0.901561	0.218006	0.139620	0.656616
NW_008246512.1	1321856	1342342	0.871907	0.206591	0.143901	0.721587
NW_008246512.1	1330916	1352214	0.693506	0.196954	0.126015	0.325425
NW_008246512.1	1342399	1365508	0.714060	0.188379	0.136712	0.262775
NW_008246512.1	1352344	1371509	0.810147	0.221978	0.153115	0.404032
NW_008246512.1	1365588	1377029	0.705897	0.239908	0.145546	0.401024
NW_008246512.1	1371552	1389381	0.665108	0.216380	0.132441	0.277218
NW_008246512.1	1377031	1404216	0.637775	0.180423	0.094898	0.136682
NW_008246512.1	1389822	1410897	0.551210	0.127609	0.091240	0.140249
NW_008246512.1	1404272	1417192	0.479705	0.105708	0.085290	0.202880
NW_008246512.1	1410921	1424283	0.626714	0.218568	0.172318	0.348146
NW_008246512.1	1417218	1434725	0.742108	0.347976	0.252169	0.299387
NW_008246512.1	1424290	1445255	0.857140	0.351925	0.240536	0.296201
NW_008246512.1	1434895	1455042	0.842137	0.385013	0.217800	0.397086
NW_008246512.1	1445256	1466504	0.795310	0.452929	0.169466	0.172571
NW_008246512.1	1455113	1480054	0.673917	0.531150	0.125742	0.097215
NW_008246512.1	1466709	1487480	0.391566	0.139917	0.056819	0.102196
NW_008246512.1	1480118	1500255	0.188743	0.028821	0.017814	0.064762
NW_008246512.1	1487493	1508520	0.655465	0.156257	0.106807	0.355206
NW_008246512.1	1500423	1520361	0.839997	0.328251	0.218876	0.353944
NW_008246512.1	1508527	1539360	0.914554	0.462489	0.257869	0.231669
NW_008246512.1	1520641	1548484	0.799974	0.445811	0.251624	0.239982
NW_008246512.1	1539371	1559552	0.607285	0.359504	0.227670	0.327828
NW_008246512.1	1548553	1566467	0.433187	0.215183	0.125902	0.255657
NW_008246512.1	1559619	1570166	0.213910	0.066765	0.040342	0.049751
NW_008246512.1	1566585	1575206	0.024954	0.005129	0.003829	-0.005542
NW_008246512.1	1570221	1582811	0.311654	0.063313	0.052381	0.069448
NW_008246512.1	1575288	1590594	0.478121	0.104092	0.067013	0.075797
NW_008246512.1	1583024	1594773	0.356129	0.080281	0.034992	0.025812
NW_008246512.1	1590604	1603768	0.589889	0.289499	0.160751	0.158187
NW_008246512.1	1594791	1618726	0.743303	0.364351	0.234945	0.289246
NW_008246512.1	1603800	1624847	0.760775	0.323690	0.229842	0.241568
NW_008246512.1	1618837	1633369	0.835683	0.343958	0.270932	0.315652
NW_008246512.1	1624870	1639673	0.936674	0.344379	0.272147	0.379084
NW_008246512.1	1633441	1645581	0.859084	0.319341	0.250302	0.303256
NW_008246512.1	1639694	1647508	0.707038	0.307092	0.196195	0.138689
NW_008246512.1	1645596	1650424	0.483887	0.168988	0.108743	0.084891
NW_008246512.1	1647629	1653288	0.068299	0.023525	0.016170	-0.008131
NW_008246512.1	1650439	1662738	0.516093	0.292069	0.199176	0.170574
NW_008246512.1	1653313	1670564	0.841317	0.474157	0.372304	0.493163
NW_008246512.1	1662800	1674678	0.845973	0.475507	0.352311	0.438634
NW_008246512.1	1670587	1679428	0.603737	0.374916	0.234056	0.262552
NW_008246512.1	1674685	1683389	0.323895	0.238674	0.131727	0.137982
NW_008246512.1	1679443	1687970	0.202157	0.171591	0.080296	0.078401
NW_008246512.1	1683403	1692852	0.095459	0.098930	0.035832	0.032265
NW_008246512.1	1687978	1696911	0.093227	0.097158	0.037280	0.031003
NW_008246512.1	1692858	1700960	0.104676	0.103833	0.041105	0.035005
NW_008246512.1	1696916	1705906	0.107407	0.168584	0.033788	0.023308
NW_008246512.1	1700975	1709061	0.316149	0.233204	0.103843	0.088013
NW_008246512.1	1705941	1711308	0.416601	0.215282	0.163154	0.228002
NW_008246512.1	1709072	1713414	0.244971	0.139067	0.090435	0.126174
NW_008246512.1	1711358	1718689	0.444389	0.230982	0.152855	0.183281
NW_008246512.1	1713418	1725666	0.520907	0.243071	0.163701	0.196914
NW_008246512.1	1718717	1735328	0.389735	0.180305	0.125630	0.169897
NW_008246512.1	1725670	1743903	0.423768	0.177335	0.108040	0.145176
NW_008246512.1	1735355	1747530	0.338288	0.136301	0.072509	0.089971
NW_008246512.1	1743919	1750608	0.060981	0.051662	0.029400	0.032577
NW_008246512.1	1747543	1756325	0.268260	0.199912	0.130269	0.136771
NW_008246512.1	1750644	1761627	0.543307	0.333745	0.190824	0.179414
NW_008246512.1	1756362	1769289	0.678829	0.312894	0.214656	0.273549
NW_008246512.1	1761640	1773432	0.786105	0.262209	0.229921	0.461357
NW_008246512.1	1769290	1777182	0.729336	0.212121	0.198718	0.433252
NW_008246512.1	1773445	1782472	0.647773	0.216297	0.188987	0.332287
NW_008246512.1	1777190	1786444	0.533363	0.243575	0.160358	0.130843
NW_008246512.1	1782503	1790472	0.426472	0.133697	0.063883	0.037421
NW_008246512.1	1786525	1794360	0.635960	0.141111	0.099023	0.120085
NW_008246512.1	1790477	1802077	0.622730	0.204410	0.141189	0.120280
NW_008246512.1	1794470	1809186	0.689811	0.257532	0.166725	0.132826
NW_008246512.1	1802152	1820179	0.682401	0.290835	0.189381	0.188809
NW_008246512.1	1809191	1822892	0.773551	0.277874	0.217878	0.307427
NW_008246512.1	1820206	1832060	0.789296	0.256774	0.216327	0.275755
NW_008246512.1	1822923	1838664	0.561627	0.240669	0.173849	0.085394
NW_008246512.1	1832223	1847488	0.588565	0.389881	0.250153	0.092731
NW_008246512.1	1838980	1851689	0.767085	0.421459	0.311987	0.229784
NW_008246512.1	1847498	1858068	0.726208	0.325809	0.241206	0.210053
NW_008246512.1	1851692	1866284	0.738272	0.263402	0.209994	0.231477
NW_008246512.1	1858400	1871926	0.820579	0.253088	0.220307	0.308709
NW_008246512.1	1866489	1884818	0.777586	0.238847	0.192441	0.198910
NW_008246512.1	1871933	1893334	0.568312	0.222107	0.142622	0.103457
NW_008246512.1	1884858	1903904	0.533094	0.191272	0.118162	0.107793
NW_008246512.1	1893409	1912911	0.631316	0.125116	0.082833	0.108545
NW_008246512.1	1903922	1921464	0.438262	0.109041	0.073934	0.111285
NW_008246512.1	1912970	1931063	0.417640	0.189626	0.098590	0.095233
NW_008246512.1	1921465	1934430	0.602404	0.308616	0.228399	0.266381
NW_008246512.1	1931065	1951433	0.579770	0.217490	0.167593	0.232220
NW_008246512.1	1934441	1958961	0.759663	0.156441	0.115350	0.139021
NW_008246512.1	1951466	1964934	0.775543	0.203215	0.168223	0.218174
NW_008246512.1	1959008	1972451	0.453934	0.146217	0.116824	0.142351
NW_008246512.1	1965108	1977269	0.138726	0.045326	0.034400	0.031916
NW_008246512.1	1972487	1983634	0.402566	0.159192	0.109041	0.087335
NW_008246512.1	1977369	1990500	0.571679	0.307548	0.183590	0.134732
NW_008246512.1	1983797	1994157	0.589131	0.312744	0.180954	0.120099
NW_008246512.1	1990532	2006939	0.462313	0.294390	0.199558	0.165406
NW_008246512.1	1994165	2015415	0.539299	0.296703	0.213197	0.227672
NW_008246512.1	2006951	2033069	0.748030	0.343733	0.189987	0.120618
NW_008246512.1	2015520	2037618	0.650251	0.418374	0.133449	0.049063
NW_008246512.1	2033083	2052257	0.792230	0.356621	0.163394	0.083505
NW_008246512.1	2037643	2065500	0.704639	0.306755	0.189831	0.172940
NW_008246512.1	2052345	2073844	0.454045	0.273977	0.158339	0.133115
NW_008246512.1	2065611	2082243	0.516098	0.261968	0.178219	0.202562
NW_008246512.1	2073878	2091285	0.643739	0.263046	0.205498	0.294801
NW_008246512.1	2082367	2101901	0.551203	0.228026	0.157389	0.165284
NW_008246512.1	2091306	2111277	0.567315	0.229347	0.129938	0.143979
NW_008246512.1	2103259	2117747	0.670072	0.277736	0.180538	0.237474
NW_008246512.1	2111327	2128165	0.560571	0.286653	0.206882	0.224937
NW_008246512.1	2117758	2146832	0.478325	0.304801	0.191422	0.148131
NW_008246512.1	2128265	2155609	0.557268	0.346808	0.204960	0.148473
NW_008246512.1	2146857	2165181	0.705678	0.397359	0.273755	0.258228
NW_008246512.1	2155611	2172581	0.753295	0.371296	0.258965	0.309624
NW_008246512.1	2165247	2195433	0.536364	0.219406	0.146621	0.199660
NW_008246512.1	2172743	2210254	0.340912	0.110440	0.074240	0.118791
NW_008246512.1	2195440	2230566	0.393940	0.142051	0.092532	0.174677
NW_008246512.1	2210267	2247383	0.458218	0.224652	0.140500	0.218906
NW_008246512.1	2230762	2258866	0.495450	0.233636	0.132994	0.160198
NW_008246512.1	2247449	2271881	0.465590	0.160238	0.091775	0.090549
NW_008246512.1	2258984	2281020	0.357446	0.094184	0.063968	0.083571
NW_008246512.1	2271882	2288701	0.303545	0.103586	0.072197	0.131876
NW_008246512.1	2281222	2296898	0.462257	0.234460	0.128631	0.142268
NW_008246512.1	2288756	2302825	0.501509	0.564441	0.106498	0.065935
NW_008246512.1	2296939	2308865	0.539182	2.033881	0.095654	0.051976
NW_008246512.1	2302826	2315891	0.767768	0.524134	0.257549	0.221657
NW_008246512.1	2308866	2324087	0.697200	0.497063	0.410625	0.514352
NW_008246512.1	2315924	2338323	0.659062	0.527462	0.442292	0.524156
NW_008246512.1	2324116	2352374	0.713377	0.531788	0.348981	0.284529
NW_008246512.1	2338350	2357886	0.826511	0.548978	0.327303	0.253077
NW_008246512.1	2352420	2380409	0.857559	0.384009	0.277032	0.439917
NW_008246512.1	2357919	2390187	0.821310	0.145005	0.121011	0.579498
NW_008246512.1	2380471	2409518	0.646079	0.070138	0.060129	0.359735
NW_008246512.1	2391129	2425674	0.481338	0.067227	0.052880	0.153733
NW_008246512.1	2409557	2448964	0.273419	0.044260	0.036496	0.118086
NW_008246512.1	2425927	2455348	0.330450	0.042793	0.037531	0.197472
NW_008246512.1	2448974	2469569	0.481397	0.044188	0.039870	0.197764
NW_008246512.1	2455352	2487615	0.559267	0.086383	0.072453	0.223437
NW_008246512.1	2469998	2494236	0.624699	0.227621	0.145813	0.166571
NW_008246512.1	2487666	2503129	0.697508	0.336076	0.201847	0.193901
NW_008246512.1	2494291	2509178	0.514168	0.182552	0.126742	0.163993
NW_008246512.1	2503146	2515850	0.332520	0.134414	0.076681	0.068580
NW_008246512.1	2509244	2524499	0.697642	0.374373	0.213499	0.180567
NW_008246512.1	2515928	2530262	0.827754	0.446766	0.289564	0.273602
NW_008246512.1	2524505	2539269	0.747018	0.412454	0.255243	0.229303
NW_008246512.1	2530338	2547101	0.666250	0.335990	0.195047	0.166147
NW_008246512.1	2539270	2551183	0.317813	0.127557	0.073589	0.076194
NW_008246512.1	2547138	2558506	0.043928	0.019933	0.011754	0.007988
NW_008246512.1	2551195	2566663	0.447958	0.247665	0.173926	0.161486
NW_008246512.1	2558523	2576947	0.611882	0.330355	0.243523	0.289612
NW_008246512.1	2566674	2591568	0.623998	0.368084	0.218478	0.221214
NW_008246512.1	2577161	2598837	0.533909	0.439757	0.198737	0.142727
NW_008246512.1	2591603	2608992	0.662087	0.458207	0.271951	0.205735
NW_008246512.1	2598867	2624299	0.728054	0.455562	0.286400	0.295789
NW_008246512.1	2609205	2630632	0.612718	0.309152	0.209920	0.159788
NW_008246512.1	2624308	2645178	0.267985	0.125584	0.085746	0.051261
NW_008246512.1	2630770	2662006	-0.004417	-0.001758	-0.001040	-0.002278
NW_008246512.1	2645191	2676473	0.056698	0.014190	0.008910	0.006304
NW_008246512.1	2662278	2684318	0.333417	0.048037	0.031741	0.016578
NW_008246512.1	2676541	2698988	0.379356	0.038754	0.026924	0.012904
NW_008246512.1	2684321	2707727	0.248240	0.025725	0.018709	0.008983
NW_008246512.1	2699019	2718116	0.359115	0.039530	0.030517	0.018499
NW_008246512.1	2707736	2729283	0.632111	0.112646	0.076788	0.057239
NW_008246512.1	2719059	2733591	0.777152	0.188807	0.137460	0.138563
NW_008246512.1	2729435	2738107	0.853019	0.179658	0.156945	0.214204
NW_008246512.1	2733604	2743807	0.784573	0.185199	0.143089	0.142915
NW_008246512.1	2738199	2749714	0.592708	0.266634	0.167474	0.141823
NW_008246512.1	2743817	2767592	0.524504	0.260707	0.153833	0.136539
NW_008246512.1	2749778	2780042	0.615968	0.179454	0.112959	0.093778
NW_008246512.1	2767738	2788163	0.421997	0.154218	0.112705	0.108929
NW_008246512.1	2780088	2804593	0.317503	0.145791	0.107718	0.106523
NW_008246512.1	2788251	2815767	0.512555	0.208988	0.149223	0.122232
NW_008246512.1	2804966	2835352	0.583877	0.220292	0.157339	0.113477
NW_008246512.1	2815784	2849652	0.482799	0.165315	0.127845	0.122480
NW_008246512.1	2835377	2857470	0.378158	0.153924	0.119686	0.127246
NW_008246512.1	2849697	2862528	0.554936	0.190157	0.145742	0.148273
